4 0.3 0.81875 0.228125 0.3125
4 0.1671875 0.95546875 0.1921875 0.0875
4 0.225 0.6953125 0.1953125 0.3203125
4 0.4484375 0.9625 0.1953125 0.071875
4 0.4234375 0.53125 0.1375 0.2265625
4 0.48515625 0.6046875 0.1453125 0.28125
4 0.61328125 0.6921875 0.19375 0.3328125
4 0.571875 0.38515625 0.09375 0.178125
4 0.6046875 0.43984375 0.1140625 0.2078125
4 0.67578125 0.53671875 0.134375 0.23125
4 0.64921875 0.30078125 0.075 0.1265625
4 0.69765625 0.32890625 0.103125 0.1546875
4 0.70703125 0.2234375 0.065625 0.0921875
4 0.75078125 0.3921875 0.1078125 0.1921875
4 0.74609375 0.196875 0.0546875 0.075
4 0.75859375 0.2671875 0.0625 0.10625
4 0.7953125 0.28515625 0.0703125 0.1171875
4 0.79921875 0.2078125 0.0734375 0.05625
4 0.790625 0.165625 0.0515625 0.059375
4 0.8390625 0.2421875 0.0828125 0.090625
4 0.8625 0.1671875 0.0453125 0.059375