0 0.86015625 0.65859375 0.059375 0.1546875
0 0.8 0.6671875 0.04375 0.1078125
0 0.4515625 0.54296875 0.03125 0.0859375
0 0.409375 0.45703125 0.00625 0.0140625
0 0.38828125 0.44375 0.0078125 0.0171875
0 0.37578125 0.45078125 0.0078125 0.021875
0 0.340625 0.43671875 0.015625 0.015625
0 0.33046875 0.453125 0.0046875 0.0140625
0 0.30625 0.459375 0.009375 0.0203125
0 0.284375 0.4640625 0.0109375 0.028125
0 0.27421875 0.471875 0.0078125 0.0234375
0 0.2625 0.49375 0.0078125 0.0328125
0 0.23515625 0.57734375 0.046875 0.1390625