2 0.465625 0.6796875 0.3265625 0.2203125
2 0.05546875 0.5921875 0.1109375 0.1109375
2 0.18515625 0.6234375 0.2828125 0.1421875
2 0.12578125 0.56796875 0.065625 0.0546875
2 0.1953125 0.54375 0.05625 0.0359375
2 0.2484375 0.55234375 0.103125 0.0515625
2 0.42109375 0.52578125 0.0484375 0.0234375
2 0.465625 0.52734375 0.0421875 0.028125
2 0.58984375 0.56171875 0.1671875 0.08125
2 0.6296875 0.521875 0.0375 0.025
2 0.80078125 0.6875 0.246875 0.26875
2 0.83828125 0.5171875 0.025 0.0265625
2 0.88515625 0.51640625 0.0421875 0.028125
2 0.9328125 0.55078125 0.06875 0.0625
2 0.9921875 0.51953125 0.015625 0.0171875