2 0.38125 0.71171875 0.26015625 0.271875
2 0.153125 0.4953125 0.13203125 0.128125
2 0.05 0.38984375 0.0921875 0.09296875
2 0.0734375 0.315625 0.04296875 0.046875
2 0.19609375 0.31171875 0.0453125 0.05
2 0.090625 0.7515625 0.18125 0.27890625
2 0.75078125 0.30703125 0.0828125 0.06796875
2 0.68984375 0.28203125 0.05703125 0.0609375
2 0.5609375 0.275 0.05703125 0.053125
2 0.50625 0.26328125 0.05078125 0.05703125
2 0.7421875 0.24765625 0.06171875 0.040625
2 0.8171875 0.23828125 0.0453125 0.05
2 0.840625 0.228125 0.04375 0.05
4 0.13671875 0.296875 0.0625 0.1234375