2 0.83515625 0.8078125 0.0875 0.0546875
2 0.84140625 0.68828125 0.0734375 0.040625
2 0.79375 0.7453125 0.1 0.0375
2 0.75078125 0.6578125 0.0625 0.03125
2 0.75078125 0.71953125 0.0625 0.0375
2 0.71953125 0.6359375 0.053125 0.021875
2 0.65078125 0.9125 0.0546875 0.0671875
2 0.65234375 0.64375 0.046875 0.03125
2 0.6390625 0.71875 0.0515625 0.046875
2 0.6234375 0.65546875 0.053125 0.028125
2 0.59140625 0.72578125 0.0828125 0.04375
2 0.5921875 0.91640625 0.078125 0.059375
2 0.5796875 0.85078125 0.0609375 0.071875
2 0.575 0.6546875 0.0546875 0.0234375
2 0.54765625 0.71328125 0.0609375 0.0328125
2 0.51484375 0.9125 0.0875 0.071875
2 0.51328125 0.85859375 0.06875 0.0671875
2 0.49140625 0.72734375 0.071875 0.034375
2 0.47734375 0.65703125 0.0515625 0.0375
2 0.4515625 0.91171875 0.06875 0.06875
2 0.440625 0.7078125 0.078125 0.0296875
2 0.41328125 0.85 0.0796875 0.06875
2 0.4 0.90703125 0.0875 0.06875
2 0.39921875 0.68671875 0.075 0.0375
2 0.36640625 0.721875 0.0796875 0.0484375
2 0.32421875 0.90703125 0.1015625 0.0703125
2 0.2609375 0.903125 0.0828125 0.078125
2 0.21015625 0.9 0.0875 0.0796875
4 0.82734375 0.95703125 0.0671875 0.0859375