2 0.16484375 0.8078125 0.0875 0.0546875
2 0.15859375 0.68828125 0.0734375 0.040625
2 0.20625 0.7453125 0.1 0.0375
2 0.24921875 0.6578125 0.0625 0.03125
2 0.24921875 0.71953125 0.0625 0.0375
2 0.28046875 0.6359375 0.053125 0.021875
2 0.34921875 0.9125 0.0546875 0.0671875
2 0.34765625 0.64375 0.046875 0.03125
2 0.3609375 0.71875 0.0515625 0.046875
2 0.3765625 0.65546875 0.053125 0.028125
2 0.40859375 0.72578125 0.0828125 0.04375
2 0.4078125 0.91640625 0.078125 0.059375
2 0.4203125 0.85078125 0.0609375 0.071875
2 0.425 0.6546875 0.0546875 0.0234375
2 0.45234375 0.71328125 0.0609375 0.0328125
2 0.48515625 0.9125 0.0875 0.071875
2 0.48671875 0.85859375 0.06875 0.0671875
2 0.50859375 0.72734375 0.071875 0.034375
2 0.52265625 0.65703125 0.0515625 0.0375
2 0.5484375 0.91171875 0.06875 0.06875
2 0.559375 0.7078125 0.078125 0.0296875
2 0.58671875 0.85 0.0796875 0.06875
2 0.6 0.90703125 0.0875 0.06875
2 0.60078125 0.68671875 0.075 0.0375
2 0.63359375 0.721875 0.0796875 0.0484375
2 0.67578125 0.90703125 0.1015625 0.0703125
2 0.7390625 0.903125 0.0828125 0.078125
2 0.78984375 0.9 0.0875 0.0796875
4 0.17265625 0.95703125 0.0671875 0.0859375