2 0.92578125 0.6578125 0.09375 0.1703125
2 0.83359375 0.65234375 0.0796875 0.1546875
2 0.7390625 0.6625 0.08125 0.14609375
2 0.64296875 0.62890625 0.06953125 0.1421875
2 0.55859375 0.61328125 0.0765625 0.1265625
2 0.46953125 0.6140625 0.08359375 0.11796875
2 0.38828125 0.62109375 0.06953125 0.1078125
2 0.30859375 0.59453125 0.09921875 0.140625
2 0.95703125 0.55859375 0.0765625 0.08359375
2 0.87734375 0.55625 0.08359375 0.078125
2 0.80859375 0.56640625 0.075 0.08203125
2 0.7328125 0.56015625 0.059375 0.05234375
2 0.65234375 0.5375 0.05390625 0.05859375
2 0.58203125 0.528125 0.05546875 0.07109375
2 0.51484375 0.53828125 0.04375 0.0625
2 0.446875 0.521875 0.06640625 0.06640625
2 0.53203125 0.48515625 0.046875 0.05546875
2 0.5921875 0.49609375 0.03984375 0.05390625
2 0.6546875 0.4921875 0.05703125 0.05
2 0.72421875 0.490625 0.0484375 0.05546875
2 0.78828125 0.496875 0.05390625 0.05703125
2 0.85234375 0.5046875 0.05390625 0.04375
2 0.91640625 0.49765625 0.05390625 0.05
2 0.8375 0.45234375 0.04140625 0.05234375
2 0.778125 0.44921875 0.0453125 0.03828125
2 0.66328125 0.44296875 0.03671875 0.03984375
2 0.60390625 0.44375 0.03984375 0.04375
2 0.49921875 0.44375 0.046875 0.04140625